0.044294 90
2.117366 1
0.332525 1
0.485974 1
0.295753 1
0.160419 1
1.029269 1
0.420011 1
0.159342 1
0.258282 1
0.174909 1
0.293368 1
0.205150 1
0.142488 1
0.176632 1
0.134748 1
0.551309 2
0.000587 90
6.785929 1
0.079187 1
0.151141 1
0.496448 1
0.079305 1
0.231665 1
0.164698 1
0.242299 1
0.168324 1
0.114127 1
0.184275 1
0.169640 1
1.219646 112
2.801882 1
0.141759 1
0.108144 1
0.271842 137
18.006848 1
0.073062 1
2.413491 92
1.162790 1
0.127173 1
0.181979 1
0.468246 107
5.265132 1
0.078738 1
0.290527 1
0.603386 1
0.109228 1
0.243377 1
0.202032 1
0.366319 1
0.132187 1
0.112148 1
0.183933 1
0.142514 1
1.078887 112
2.859648 1
1.749676 1
0.150998 1
0.674585 137
4.931520 114
1.026214 114
0.200140 114
2.482299 114
0.162288 114
1.535918 114
4.220238 114
0.068008 114
0.065482 114
0.046979 114
0.035436 114
0.106432 114
0.582719 114
0.489536 114
33.798566 1
0.121989 1
0.149721 1
0.156436 1
0.557861 8
