0.032080 90
17.633896 1
0.089084 1
0.125629 1
0.125774 1
4.061417 1
0.440746 1
1.247026 1
1.587280 1
0.137163 1
0.511971 1
0.110798 1
0.304174 1
1.072184 4
0.213645 4
0.116877 4
0.113551 4
0.127287 4
0.736063 1
0.166318 1
0.741141 1
0.101147 1
0.159832 1
0.424625 1
0.471793 1
0.432545 1
0.172172 1
1.144516 1
0.478691 1
0.877083 1
0.167031 1
2.110636 1
0.861558 1
0.501466 1
0.970019 1
2.569636 1
0.998909 1
1.844161 1
0.535141 1
2.616092 1
0.167100 1
0.132391 1
0.920520 1
0.631113 1
0.151882 1
0.165661 1
0.154296 1
0.667765 1
2.596217 1
0.117070 1
0.365586 1
0.467509 1
0.112566 1
0.087041 1
7.793472 1
1.234286 1
1.202445 1
0.930939 1
2.747931 1
4.463635 1
2.157994 3
3.160324 489
0.925606 3
3.973681 246
0.000710 46
0.000259 90
2.212090 1
0.076831 1
0.177958 1
8.856713 1
6.837522 1
0.103087 1
2.382479 4
0.143685 4
0.294727 1
1.916481 4
0.322543 1
0.089738 1
0.822755 1
0.309836 1
0.131048 1
0.156162 1
0.151731 1
1.942803 2
0.040139 223
0.000551 90
16.856061 11
0.372083 1
0.263853 1
0.143084 1
0.122357 1
0.136354 1
0.399023 1
0.593492 3
0.374152 15
0.143264 11
1.372851 2
0.001179 214
0.000202 90
1.436183 11
0.535846 1
0.338673 3
0.678385 4
0.169166 4
0.811140 1
0.121024 1
2.028532 2
0.000526 190
0.000014 24
0.000291 90
6.473240 94
0.053025 94
0.045138 94
0.076986 94
0.149959 94
0.046424 94
0.229748 94
0.125481 94
0.490343 94
0.060543 94
1.998202 1
0.141591 1
0.152708 1
0.668533 1
1.776009 8
