0.029250 90
35.071128 1
0.169923 1
0.243012 1
0.180552 1
0.139331 1
2.045171 1
0.388407 1
1.276823 1
0.658051 1
0.128806 1
0.524590 1
2.660750 3
0.233888 3
1.111600 3
0.389478 3
0.140693 3
0.982188 3
6.411416 3
0.241170 3
1.998191 7
0.204073 7
4.438911 1
4.428919 5
0.942455 5
0.141827 5
0.725512 3
3.023921 3
0.214584 3
0.239670 3
0.071765 3
1.164936 3
0.373831 3
0.155983 3
0.184746 3
0.190429 3
0.221999 3
2.771338 3
0.362054 3
0.168785 3
0.233975 3
0.377521 3
0.125963 3
0.165630 3
0.162513 3
0.756717 7
0.747310 3
0.165541 3
0.188027 3
2.484301 3
0.745749 3
0.845253 3
0.322398 3
0.477835 3
1.154853 3
2.669060 3
0.371026 3
0.231479 3
0.203693 3
0.190797 244
0.318336 3
1.659863 3
0.391885 3
0.186771 3
0.166997 3
0.466160 3
0.136459 3
0.338507 3
0.191768 3
3.247751 157
0.075835 157
0.046814 157
0.033349 425
0.029141 160
0.028101 154
0.026356 154
0.181206 154
0.404588 154
0.194560 154
0.223545 154
6.907986 1
0.446632 3
62.615463 3
0.502529 1
0.413963 3
15.337332 142
2.458670 59
5.304518 1
0.496650 1
0.030817 1
0.030140 1
0.032299 1
0.033320 1
0.029285 1
0.032911 1
0.029518 1
0.030314 1
0.030172 1
0.030543 1
0.030249 1
0.029555 1
0.030318 1
0.030043 1
0.030857 1
0.030618 1
0.030496 1
0.032200 1
0.031673 1
0.032531 1
0.037660 1
0.027771 1
0.030901 1
0.030561 1
0.031375 1
0.031054 1
0.030744 1
0.031628 1
0.033008 1
0.029694 1
0.031035 1
0.030686 1
0.030806 1
0.028258 1
0.030186 1
0.032076 1
0.035843 1
0.212178 1
0.153181 1
0.132408 1
0.131006 1
0.131828 1
0.163331 1
1.997410 3
0.457088 1
0.372351 1
0.595113 3
0.979536 5
0.520701 5
1.068292 3
0.644781 3
0.379546 1
0.184993 1
2.485164 3
0.213401 3
0.820783 3
0.829603 5
0.488719 5
0.749710 3
2.165987 4
0.501907 4
0.031488 4
0.030792 4
0.033755 4
0.027717 4
0.030781 4
0.031286 4
0.031547 4
0.030335 4
0.030097 4
0.031077 4
0.031578 4
0.031390 4
0.030542 4
0.031525 4
0.029735 8
0.028701 4
0.033454 4
0.031087 4
0.031521 4
0.031770 4
0.031586 4
0.031143 4
0.215402 4
0.153978 4
0.136715 4
0.138353 4
0.123198 4
0.126570 4
0.125608 4
0.148584 4
0.136814 4
0.134900 4
0.141948 16
0.138720 14
0.147801 12
0.247604 10
0.282443 8
0.408914 6
1.452912 3
0.221478 3
0.636009 7
0.122099 7
1.015851 3
0.183441 3
1.563028 3
0.126096 3
0.471486 3
0.203033 3
0.162214 3
3.141685 109
36.608932 26
0.634800 59
38.845465 1
0.780495 3
0.984988 1
0.500232 1
0.031084 1
0.033471 1
0.031736 1
0.028454 1
0.031911 1
0.035495 1
0.029651 1
0.170631 3
0.167953 3
0.133214 3
0.499596 3
0.033899 3
0.034721 3
0.027855 3
0.032493 3
0.029379 3
0.030807 1
0.030890 1
0.030569 1
0.030547 1
0.340427 4
0.498013 4
0.030211 4
0.033356 4
0.032633 4
0.035580 4
0.032163 4
0.030469 4
0.030627 4
0.030424 4
0.029904 4
0.032947 4
0.030343 4
0.032604 4
0.028952 4
0.030903 4
0.036169 4
0.026223 4
0.032505 4
0.029839 4
0.033820 4
0.030948 4
0.026199 4
0.031054 4
0.031560 4
0.031148 4
0.029804 4
0.030614 4
0.029866 4
0.030569 4
0.030577 4
0.030744 4
0.031134 4
0.033270 4
0.032844 4
0.208874 4
0.153976 4
0.121157 4
0.115481 4
0.135420 4
0.127089 4
0.143011 4
0.125319 4
0.140369 4
0.120773 4
0.137020 4
0.131405 4
0.148300 4
0.981283 4
0.282489 4
0.988015 1
0.221328 1
0.219048 1
0.209893 1
0.096125 1
0.202345 1
0.126071 1
1.711115 1
0.487048 1
0.635649 4
0.415472 1
1.212982 1
0.272290 1
1.754158 1
0.208158 1
0.149875 1
0.186601 1
2.742120 1
0.207769 1
0.226953 1
0.184944 1
0.176374 1
0.484598 3
0.235847 3
0.607517 1
2.743512 9
3.630674 3
0.230702 3
0.144992 3
0.184980 3
4.623989 1
0.132425 1
111.443547 1
1.419785 1
0.191553 1
1.655013 1
1.653615 4
0.147626 4
0.105419 4
0.880240 1
1.145805 1
1.211756 1
0.391893 1
0.432864 1
2.737165 1
1.510086 1
0.248428 1
1.670964 1
0.235286 1
0.187176 1
0.168062 1
0.166517 1
1.734384 1
0.207786 1
0.192537 1
0.288512 1
0.089606 1
22.871336 1
0.989660 1
3.058537 1
0.543096 1
2.884736 1
1.854009 1
4.479941 1
0.159958 1
49.976593 1
0.406799 1
1.932287 1
1.110200 1
0.186272 1
0.248787 1
0.250741 1
0.488462 1
19.934828 1
2.545368 3
0.267677 1
5.331106 1
0.614764 1
1.534338 1
0.916950 1
0.330194 1
0.274575 1
0.241917 1
0.105671 1
0.191122 1
1.754310 1
21.749948 153
10.442813 75
3.100638 196
2.978137 1
0.153856 1
0.373417 1
0.146928 1
0.135553 1
2.217842 1
0.156695 1
0.248187 1
2.258422 1
0.138537 1
0.506668 1
1.458425 3
0.256234 3
2.220799 3
0.119061 3
1.003936 3
0.532330 3
121.473149 3
0.115867 3
6.383639 3
2.661035 7
4.674773 3
0.555046 3
0.160150 3
2.391963 3
1.376048 3
0.210112 3
0.309109 3
0.148086 3
1.183646 3
0.205626 3
5.964934 3
0.594283 3
0.737095 3
0.383964 3
0.132452 3
0.147388 3
0.143150 3
2.061482 3
0.635472 7
0.452883 3
0.254178 3
0.898490 7
0.149098 3
14.226266 3
3.704299 3
0.213101 3
1.900105 3
0.188406 3
0.723059 3
0.507047 3
0.133708 3
0.130748 3
0.177976 3
1.458682 3
0.356010 3
14.803564 3
0.968712 3
0.874371 3
18.282471 3
2.519991 7
33.232678 3
1.317080 3
1.735884 3
0.267957 3
0.139994 3
0.452808 3
4.360782 3
0.464844 3
0.631003 3
0.288337 3
0.145573 3
0.616093 286
7.375918 3
1.790706 3
0.191108 3
1.352729 3
0.627958 3
0.605372 3
9.676119 3
0.235464 3
0.238165 3
0.173319 3
0.189247 3
1.294489 3
0.183692 3
0.203519 3
0.230569 3
0.255673 3
1.998216 3
9.228901 3
0.750236 3
0.969363 3
1.940167 3
5.035290 1
0.501879 1
0.031508 1
0.034302 1
0.031854 1
0.032792 1
0.031349 1
0.034442 1
0.034628 1
0.030832 1
0.034234 1
0.216400 1
0.129990 1
0.125689 1
1.036031 36
0.586454 35
0.605405 38
0.908670 3
0.226003 3
0.162082 3
2.016403 1
0.135345 1
0.139749 1
0.146843 1
0.356047 3
0.445813 39
0.192380 36
0.872150 35
4.804188 3
0.167804 3
0.126721 3
0.142489 3
0.126941 3
0.128889 3
0.132055 3
0.134900 3
0.149151 3
0.126653 3
0.114546 3
0.134441 3
0.147823 3
0.141385 3
6.504625 3
0.156235 3
7.009487 3
0.367553 3
0.155305 3
1.305427 3
0.593187 3
0.814716 3
8.562111 3
0.589645 3
0.137318 3
0.591901 3
2.458100 3
1.019405 3
1.209196 3
0.780637 3
0.883404 3
0.970923 3
1.127215 3
0.176145 3
0.202402 3
0.205375 3
0.585772 3
8.265343 3
0.140099 3
4.563938 3
2.970203 3
10.265151 3
11.539370 3
0.262544 3
4.684985 3
1.190447 3
0.202157 3
2.675398 3
0.650765 3
2.509987 3
0.527267 3
0.409984 3
0.148965 3
1.455160 3
0.501961 3
0.486044 3
0.247221 3
0.232677 3
0.180602 3
0.126587 3
0.177953 3
1.378879 3
3.168372 202
46.439423 1
0.731695 1
0.172046 1
0.605785 1
7.942360 4
0.167081 4
0.133828 4
0.119837 4
0.126410 1
0.271233 1
0.175310 1
0.157870 1
0.196657 1
4.260823 8
