0.029125 90
1.046114 4
0.184133 56
0.161930 164
0.136667 224
0.177065 61
0.156190 173
0.348037 324
0.333778 48
0.443232 101
1.203964 33
0.474963 48
0.625498 99
0.781709 45
0.466003 99
0.311603 50
0.371918 99
0.475120 45
1.707615 122
0.584207 1
0.829107 40
0.294682 100
0.157572 56
0.150123 164
0.123019 224
0.131689 61
0.147214 173
0.116057 324
0.140660 48
0.147860 101
0.395570 33
0.565437 48
0.961277 53
1.754659 109
0.727687 26
0.281916 48
0.274866 100
0.188861 56
0.281817 164
0.390238 224
1.000287 3120
1.558491 7
0.643264 33
1.041687 48
0.201423 100
0.403589 56
0.725277 164
0.426393 224
1.008773 61
1.388885 224
0.354137 61
0.519968 173
0.363075 324
0.367077 48
0.664525 53
0.942420 57
0.923894 324
0.195468 48
0.220335 101
0.139116 33
0.277826 48
0.209681 99
0.173231 50
0.201712 98
0.499507 49
0.385531 99
0.586459 45
0.691450 53
0.773264 36
0.683145 47
1.540684 101
1.264457 47
5.798652 53
0.371149 57
0.494916 324
0.157750 48
0.250443 101
1.351000 4
0.507813 4
0.033326 4
0.035614 4
0.026037 4
0.033082 4
0.030429 4
0.031476 1
0.032596 1
0.030804 1
0.032068 1
0.031223 1
0.032984 1
0.032042 1
0.027998 1
0.029589 1
0.030978 1
1.385387 1
4.285740 1
0.133175 1
1.007831 164
0.907999 1
0.864848 1
0.298138 1
0.646674 137
36.005386 26
0.321482 48
0.338294 101
0.761248 33
0.405621 48
0.223818 100
0.334749 56
0.261405 164
0.505130 224
0.638238 61
0.444785 164
1.088087 164
0.578643 164
0.714285 164
0.300098 224
0.711621 61
0.649111 173
0.464687 170
1.942167 136
6.530191 1
0.280088 1
0.304864 1
2.436708 1
0.194682 1
0.466366 1
0.112067 1
0.828238 3283
2.374815 1
9.768575 1
1.064520 1
0.516965 192
0.725756 54
0.742494 196
3.206721 54
0.180004 224
0.136250 61
0.130605 326
0.125157 48
0.152851 101
0.246013 33
0.222895 48
0.257355 100
0.244646 56
0.420898 164
0.451223 224
0.522970 61
0.468451 173
0.287010 324
0.306518 48
0.293230 101
0.179955 33
0.763902 4
0.501261 4
0.030891 4
0.035290 4
0.027581 4
0.032122 4
0.032204 4
0.029954 4
0.031806 4
0.031176 4
0.033303 4
0.035614 4
0.033262 4
0.032828 4
0.032855 4
0.028097 4
0.032515 4
0.031912 4
0.033244 4
0.032542 4
0.029996 4
0.032499 4
0.029955 4
0.029495 4
0.033507 4
0.031656 4
0.034622 1
0.028030 1
0.049523 1
0.038166 1
0.031359 1
0.027967 1
0.033111 1
0.032113 1
0.935160 1
8.273362 1
0.114758 1
1.588862 1
0.727072 1
0.128537 1
0.442856 1
2.109984 192
30.421139 1
0.131682 1
0.122247 1
0.575859 1
0.835044 8
