0.029706 90
37.578734 1
0.185087 1
0.146950 1
0.677720 1
0.445561 1
0.814103 1
0.120476 1
0.221712 1
1.723400 1
0.488935 1
4.004036 2
0.501534 25
0.115085 771
44.727381 28
0.003990 90
11.211714 1
0.122374 1
0.165223 1
0.186664 1
0.313400 1
0.391899 1
0.569558 1
0.559487 1
0.157538 1
0.200087 1
2.531966 1
0.297372 1
3.846785 2
0.244104 25
0.038194 1036
0.000152 1032
16.274594 28
0.003144 90
33.037841 1
0.145692 1
0.252547 1
0.192564 1
0.614109 1
0.153989 1
0.387668 1
0.886455 1
0.458800 1
0.187123 1
0.193794 1
1.141614 1
0.388834 1
6.391643 2
0.255149 25
0.031917 771
29.417673 28
0.019931 103
16.984317 1
0.206120 1
0.271138 1
0.146324 1
0.646938 1
0.812599 1
0.321239 1
0.176803 1
0.183798 1
0.756363 1
0.207734 1
5.252356 3
0.498512 3
0.035203 3
0.035494 3
0.030843 3
0.035442 3
0.026047 3
0.029896 3
0.030610 3
0.030709 3
0.030591 3
3.583270 1
3.240897 3
0.854701 2
0.001289 92
2.465568 13
2.931466 4
0.500311 4
0.032451 4
0.034926 4
0.039925 4
0.046529 4
0.034008 4
0.032090 4
0.032198 4
0.032938 4
0.031744 4
0.034177 4
0.029357 4
0.029879 1
0.034130 1
0.031442 1
0.033180 1
0.036484 1
0.035914 1
0.028529 1
0.031731 1
0.034433 1
0.300214 1
0.302572 1
0.191893 1
0.187780 1
0.185405 1
0.979263 1
0.292524 1
0.184992 1
0.241945 1
0.756328 1
0.287726 1
9.383422 2
0.047407 24
0.000100 142
0.000036 56
0.014469 135
0.000908 353
0.000041 162
0.000011 208
0.000010 76
0.000009 80
0.000009 85
0.000021 140
0.000032 86
0.000181 6
24.043660 84
0.001328 90
7.834279 1
0.719355 4
0.418745 1
0.186827 1
1.133664 1
0.990934 1
0.353011 1
0.505842 1
0.348317 1
0.419074 1
0.540210 1
0.220461 1
0.258092 1
0.382832 1
0.273537 1
2.912831 2
0.263846 44
0.000046 2
0.000020 50
0.000010 2
0.000546 90
33.186418 1
0.187024 1
0.134534 1
0.192657 1
0.846367 8
